0000 0000 0000 0000 0000 0000 0000 1100    	0-->12
0000 0000 0000 0000 0000 0000 0000 0010		1-->2
0000 0000 0000 0000 0000 0000 0000 0001		2-->1
0000 0000 0000 0000 0001 0000 0000 0000		3-->4096
0000 0000 0000 0000 0000 0000 0001 0000		4-->16
0000 0000 0000 0000 0000 0000 1100 0000		5-->192
0000 0000 1000 0000 0000 0000 0000 0000		6-->8388608
0000 0000 1000 0000 0000 0000 0000 0000		7-->8388608
0000 0000 0000 0000 0000 0000 0000 0000		8-->0
0000 0000 0000 0000 0000 0000 0000 0000		9-->0
0000 0000 0000 0000 0000 0000 0000 0000		10-->0
0000 0000 0000 0000 0000 0000 0000 0000		11-->0
0000 0000 0000 0000 0000 0000 0000 0000		12-->0
0000 0000 0000 0000 0000 0000 0000 0000		13-->0
0000 0000 0000 0000 0000 0000 0000 0000		14-->0
0000 0000 0000 0000 0000 0000 0001 0000		15-->16

