10100001000100000000000000000010
10101010111000000000000000001111
11000000000000000000000000000000
01100001000000000000000000011101
11000000000000000000000000000000
10100010000100000000000000000011
10100100000100000000000000000000
10100101000100000000000000000100	
10100011001011111111111111110111
11000000000000000000000000000000
11000000000000000000000000000000
10000110001000101000000000000000
10010111001100101110111111010000
10001000001001001000000000000000
10000010001001000010000000000000
11000000000000000000000000000000
11000000000000000000000000000000
10011001100100100000000000000001
00100100001011111111111111111001
11000000000000000000000000000000
10111001100100000000000000010100
11000000000000000000000000000000
11000000000000000000000000000000
11000000000000000000000000000000
11000000000000000000000000000000
11101001000000000000000000000001
00000000000000000000000000000000
00000000000000000000000000000000